20 20
0 200.55
0 212.658
0 95.921
0 117.834
0 171.031
0 256.357
0 218.632
0 171.061
0 180.971
0 168.295
0 159.696
0 196.258
0 157.606
0 162.212
0 102.261
0 109.421
0 124.012
0 168.598
0 105.592
0 168.381
1
2.37627 5.31695 5.57118 5.83591 9.15027 5.82114 5.7796 5.67768 4.49169 6.72159 3.6284 9.12322 6.32598 3.48818 3.58675 3.73334 3.52031 8.07946 8.12691 7.39602
1
9.4528 3.2159 7.81713 6.76244 8.37225 4.75309 4.95507 5.71846 4.03081 8.64646 3.6486 6.06604 8.62604 2.18921 9.65453 8.6505 9.77462 5.26618 5.67882 6.368
2
17.1824 5.51389 15.2487 10.0587 5.66571 11.1805 4.92069 19.0585 12.2414 4.41981 17.963 7.44741 10.2185 15.1576 17.4806 5.56466 11.6906 5.40518 18.4081 7.14695
1
8.27847 7.92073 8.12976 7.45249 7.86574 4.25142 3.49568 7.83872 3.50782 9.26896 3.02565 8.79838 4.27991 5.75004 5.64467 5.82776 8.05597 5.8266 4.45208 6.63255
1
3.99216 5.89499 9.66227 6.38394 6.88412 6.3342 8.17981 2.32795 7.02377 7.4218 2.31313 7.222 4.17214 8.50805 5.52913 4.26922 8.06884 6.80749 8.57713 9.59952
3
25.7122 17.3396 22.9284 27.9739 29.201 13.436 29.7042 16.1788 19.7709 12.7447 16.7805 26.8036 22.4091 20.9988 6.32641 20.9181 24.077 27.5308 24.2767 22.2033
3
26.9793 20.5867 7.82801 12.6954 8.69063 20.1318 16.8276 22.385 8.50509 12.5274 12.7632 9.24613 27.7182 25.1569 8.97067 12.0921 21.372 13.6133 22.8295 26.2976
4
10.7502 16.5546 27.8101 25.4282 16.2613 16.0373 33.163 16.7967 18.9558 19.5998 30.9025 16.0777 29.4285 16.5396 35.9973 22.4952 31.9334 26.9382 23.3922 20.8548
2
11.5626 9.68654 5.78615 16.0765 14.7473 13.4551 17.8936 16.2938 15.3021 5.1664 17.3622 13.7819 4.72828 15.7664 12.8346 7.96394 16.8419 19.8522 8.96371 9.99635
1
6.53897 2.65009 6.94259 8.44896 6.76115 5.07554 4.26267 2.53451 2.24855 4.98454 7.38786 5.65209 5.29464 3.5712 6.11002 5.88401 9.359 6.56937 7.10956 7.84978
3
20.5653 20.0449 21.7259 9.58908 21.6075 8.31144 23.1592 23.7901 15.7785 27.1113 8.71082 6.21652 21.1084 17.1559 9.03649 9.59257 18.268 23.3338 6.01245 22.8436
3
16.642 9.68325 12.8693 19.7535 6.65855 17.1756 6.50448 15.7207 11.8397 25.3408 23.456 24.2217 14.6312 22.1649 20.856 25.5789 22.5127 17.1949 6.07394 13.2109
2
11.9211 8.42798 13.0797 6.91902 11.9374 17.1515 18.023 6.4209 17.3768 8.78139 6.98253 16.3057 4.40527 5.89355 16.9644 6.06093 9.60206 10.2196 15.9324 15.5363
2
5.45296 7.66621 15.6939 7.95773 4.45115 15.031 16.4351 16.6581 4.67496 18.0055 4.78618 15.6163 16.4931 8.91141 4.18931 4.06299 12.5828 19.6065 10.2387 6.176
5
37.3297 28.7685 18.1858 44.6218 16.9734 14.6904 39.7089 11.6167 10.4227 45.6546 12.3277 22.2543 14.9551 30.97 49.6571 44.7491 48.2574 24.1689 28.2644 12.9464
2
18.8329 18.1101 6.71064 13.3843 9.21047 4.34237 13.8899 11.5267 14.4952 17.9625 4.2857 10.0729 13.6133 8.18592 6.09005 7.34765 11.5665 9.29887 18.5344 7.11041
1
5.64263 5.44869 2.09674 4.08232 5.98583 4.11967 3.8663 2.64992 4.27952 3.71816 7.83622 6.68492 6.19325 5.48749 8.42005 9.1636 5.29121 3.6621 3.33041 5.87941
1
8.4792 7.64109 5.19783 2.90542 6.27603 7.87776 5.18603 7.37078 9.05108 2.34161 4.83524 7.02252 7.67289 8.65339 5.42026 2.9958 5.76881 8.19141 4.76866 5.16039
1
3.05142 7.63215 3.34926 6.83274 5.41703 5.82928 2.98152 8.11485 9.41756 2.16925 4.17759 3.12362 5.39313 3.64606 7.9908 5.03609 6.76787 2.24188 3.22313 6.49101
1
3.60783 5.83191 9.15526 8.35394 5.02382 2.36767 4.76572 4.03035 2.81061 6.15394 7.9466 5.16124 2.98463 9.55189 7.87025 6.3958 6.57693 7.56728 7.43545 4.8783
